ID
1615103321697669121
1615112101642608641
1615078938497220628
1615071598024744961
1615067460818046977
1615128504173056001
1615073498736562176
1615069704145567745
1615103313875292160
1615090922756136961
1615110658147721231
1615045894239584258
1615188188934410240
1615057767219269658
1615059564365234176
1615089301729034240
1615191032370532353
1615041481693069354
1615061140836388899
1615135662943993857
1615127916559450112
1615066298035367936
1615132863464148993
1615117915849723910
1615130979965833217
1615115103044620290
1615119507617615882
1615117701420142593
1615069240364617729
1615100306064293889
1615060320493477888
1615062970479874049
1615124120714285057
1615118379538386947
1615143800334159873
1615121547001319424
1615077076578566151
1615048169150189570
1615058688657526804
1615134677660012545
1586249916418035712
1615085240979972096
1615090112072753163
1615071519771889664
1615063045088153629
1615137093067616256
1615080569242619904
1596593799043731456
1615120134313762816
1615053473568985088
1615096987195514880
1615134468058107906
1615044183571697664
1615070267109171201
1615056350903472145
1615109663040708630
1615139827728400387
1615112652325273601
1615095806427635725
1615123705520132098
1615121448841920513
1615057069870092292
1615098212943011840
1615143608159506432
1615129075286216704
1615067382392782867
1615085334592733184
1615117868474966022
1615084499250937871
1615090669697081347
1615078918809174017
1615141973244903428
1615110282442940441
1615136301442801667
1615127011512524800
1615061583155105830
1615133821619298305
1615122891279851523
1615099670803488803
1615069363928981504
1615086983080017956
1615115441168416774
1615070677052129290
1615072609548337164
1615077243285372939
1615112872660549634
1615066856892633089
1615083516215132184
1615131943611293698
1615135141667414018
1615114068552990720
1615058811743571977
1615129851949715456
1615060021565325312
1615038930809651200
1615119779479650306
1615097317320790017
1615188332727701506
1615117770059927552
1615070416187392009
1615140962061414400
1615116763175190531
1615047712604360721
1615126421055148039
1615135254880157698
1615079017450803202
1615086601977167879
1615073092132282370
1615137375948095488
1615115699956981760
1615099969953832962
1615126099817553921
1615078035983663124
1615102431020580864
1615055918282178560
1615073967693340676
1615084601692618785
1328108771411976192
1615137004898885639
1615085590999093249
1615190714064998400
1615070264802385921
1615078047836766234
1615104894427332609
1615072567081009156
1615056481748979824
1289684476516339713
1615070991582986240
1615048645803446274
1615078989265076227
1615055793157537793
1615145843366977536
1615043409328148492
1615113686590361600
1615113607062192129
1615098241984471047
1615140436586143745
1615089603274493952
1615123090488561665
1615055740040888321
1615088540475424781
1615063615274422288
1615083585517617161
1615147722696232960
1615088496548478986
1615145076057051136
1615074049385709569
1615141055275343878
1615142377915654145
1615083395486187522
1615043732398653440
1615071941311750144
1615064994533543948
1615106620626706432
1615144352073846784
1615090921531473920
1615126713075175426
1615111253751472153
1602632851287072768
1615087861212086283
1615079562412523536
1615103892131389460
1615078664714027033
1615131503414939649
1615041312188661794
1615099451655290880
1615131090783723521
1615051950139052039
1615074576605581313
1615103228575719438
1615054845009854465
1615124843967520772
1615086741005664256
1615096568713027586
1615083424401727488
1615062677650345997
1615072082534043650
1477543385846190082
1615038078933925899
1615042908154957835
1615038443511218192
1615191333588668417
1615055659652812815
1615141875660509184
1615134510294745088
1615085682925662208
1615117425007263744
1615087640235180073
1615141351187677184
1615089103715934217
1615058799903051796
1615086789684854820
1615099946633420801
1615122391260356609
1615190162551590918
1615147888681558016
1615139438727757824
1615078889713446912
1615131038967074817
1615078906008141830
1615089969361469440
1615052267354263572
1615118609357082631
1615146833914871808
1615144837656838144
1615145491553034241
1615124834433769473
1615060906257354762
1615104724172435456
1615139733688000512
1615083666950029323
1615070040826736640
1615055857464578073
1615111688285560840
1615080536237637645
1615128066165972996
1615091421815382016
1615137118430314498
1615134854332522497
1615070080542425094
1615141286851317760
1615070922301472769
1615145270416736258
1615145114447355905
1615040935326253079
1615055578438504455
1615117058118762498
1615147527585628162
1615139223530520576
1615041166319157276
1615130185422061569
1615043999357669394
1615137836331839489
1615133945804525568
1615126471600742400
1615080503358390272
1615122189606428674
1615189912927584258
1615064861779677184
1615141042969255937
1615085817008979969
1615104735924879363
1615079817514287117
1615129038736982016
1615045843605721103
1615068560421699588
1615130861904568320
1615128157371121666
1615120783101018113
1615101261082238985
1615055251320541198
1615037700746412032
1615189959115427840
1615109402553458694
1615145133762035713
1615093974418571264
1615072456988917760
1615086581357969483
1615091570583248914
1615105554883526656
1615127531027300360
1615077821889609735
1615141425481674752
1615189184775598080
1615137368310267906
1615075102894477312
1615142561408065537
1615088108374032398
1256015172
1615105508821671950
1615117978424709126
1615062226032857125
1615136026145554433
1615042995144753153
1615147115386109952
1615058794018492416
1615146273383845889
1615127635775946753
1615084286125768707
1615105813143486465
1615062899105402884
1615131295520096256
1615123374966964227
1615144571196801027
1615079537540300818
1615132439319298050
1615143058563297280
1615101309539033099
1615121274589569026
1615055947616948250
1615077281059442688
1615041692502982663
1615068808355381251
1615090431905210369
1615140412968108032
1615132448362270720
1615097682590146568
1615118716030668802
1615074956584386560
1615085946172571687
1615085502046109720
1615087544928010276
1615056962512687120
1615145476369555457
1615132892245417986
1615143139567865856
1615127107738165250
1615120490665836545
1615087945156886536
1550972499592183809
1615080941004677120
1615061613165580288
1615122615043072003
1615142240069746689
1615058538627272719
1615100738421796865
1615141903300689920
1615084778037940224
1615129352852705282
1615051033415241728
1615088666795278354
1615190593570742273
1615138897180385280
1615130661291003905
1615047941265178624
1615135023711092736
1615112422271991814
1615122225467727872
1615103127618822144
1615188411412877312
1615140253974544386
1615127439339814912
1615072950721597440
1615111857919991842
1615041901853278208
1615121826845163521
1615133707316215808
1615058938050842669
1615074156948717575
1615119258878447621
1615147575992098820
1615135901176184832
1615120521724575744
1615128720271970305
1615142845165305858
1615188982844850185
1615125233324654592
1615146013601193990
1615106749782007809
1615117625184423936
1615114137314500608
1615145901256744960
1615102029080272901
1615102070809403395
1615100038270664705
1615066946260664334
1615145078493700096
1615133416202145794
1615144078311653378
1615081751960846347
1615187586036781057
1615125197404753920
1615112531151839233
1615143502018482176
1615110939065425921
1615077121394708481
1615102225990443008
1615124899990749184
1615122584865017865
1615144732711165952
1615122826876289025
1615054962022617102
1615111265726210059
1615070083046309888
1615065420322508833
1615080843923390471
1449789322404716555
1615125936533282817
1615107207061807127
1615189527290695681
1615082272801128467
1615073377768845312
1615056668504756224
1615074271935737857
1615102391082258432
1615143281800650753
1615083737884098576
1615145817492316160
1615069445386547200
1615078350686502912
1615133403883474944
1602749799069106177
1615110336130031620
1615189673327968256
1615128301642686464
1615121802010791936
1615142352800157696
1615057585530408994
1615070762368466944
1615064495638081536
1615056148121456641
1615091605953814533
1615069773506789377
1615056929805504529
1610643802221608962
1615139713890848770
1615137884553760768
1615106567950716928
1604663844915318784
1615107015088680961
1615086677508194325
1615118255198441487
1615090196202102810
1615074176443863041
1615123859497254913
1615079488093650958
1615042678361624599
1615121429871165441
1615056803229798423
1615138076854034438
1615041962486136860
1615136865535012865
1615123072553566211
1615083578085310482
1609094082554478593
1615123684766662658
1615051596697686017
1615077076822024192
1615078267240828929
1615141214696636416
1615106799484518400
1615049705909620736
1615072382074454017
1615144629434781697
1615060272103755780
1615123849951035394
1615100349940908032
1615074074576785408
1615045238812188674
1615055473161703424
1615058345529905154
1615114443368632320
1615041016507006981
1615063893159645227
1615144941189058562
1615045847829417984
1484655470434557967
1615139496063803392
1615051254417264643
1615135595445260288
1615188015441219584
1615111501009887244
1615055500416061454
1615122406946869248
1615087844887855110
1572084378184089601
1615064311193341965
1615126211138658305
1615095561513799680
1615131972635951110
1615119464424476672
1615135827763363841
1615124345977700353
1615075346222809088
70269592
1615059137691361280
1615064964959719425
1615065039576223744
1615189698795962373
1615138976674742273
1615098064666075145
1615117963694166016
1615081040451608576
1615143683409563648
1615063450425692186
1615088457201713159
1615083739175944199
1615106730903445530
1615187716198498304
1615144156673835010
1615112023603351552
1615116501681573891
1615189221240700928
1615188883938983936
1615142804405067776
1615129748945965057
1615148042876854272
1615138393066725377
1615057160311869459
1615099782829154306
1615102231128440833
1615128311469940744
1615083201541668888
1615117813781233664
1615095662718197764
1615181009254813696
1615062254335975426
1383087685061971968
1615069877470994434
1615046307244306434
1615131840766951424
1615117010353938434
1615120217260146688
1615096744521474056
1615100687553294336
1615110333370363904
1615105030645850135
1615083771753103372
1615068680240435200
1615139814197678082
1615037947438301191
1615078223540355105
1615147558099099648
1615096926982275072
1615188997138964480
1615094561772109825
1615085788215083027
1615091033850748937
1615131464986771457
1615142645637996544
1615090861330554880
1615069571819470853
1615127463553556481
1615097321364103181
1615134456905449473
1615144406859800576
1615146136435580929
1615067046831685640
1615119177538314242
1615096735453290496
1615143985806299137
1615137387461353472
1615086869775089677
1615080234902061077
1615135713099485184
1615083558560993280
1615114130553200643
1615106899044704296
1615127452728315907
1615147805042958337
1615119853609779201
1615100929203896320
1615090262757318659
1615069078875504653
1615182160809590785
1615057368731029521
1615136465536831489
1615123377127038977
1615110593161175043
1615055482409914379
1615067570561847297
1615066333858725901
1615097616563413013
1615066454629679104
1612794175535353856
1503600272890732546
1615147860235886594
1615082134334480384
1615097266448080911
1615102076299747360
1615100722760097804
1615112645790633988
1615063464795377683
1615070953884553217
1615124556317868034
1615104517044932614
1615122402744090625
1615057534775328768
1615070463712952320
1615145124530425857
1615145766195970049
1615147415492755456
1615114009958547456
1615111538670542867
1615087674167099393
1615157439736717313
1615050842943406082
1615136990785146881
1615086307633504256
1615084676347035666
1615101951519121408
1615111625853345797
1615102107782094849
1615055777617612828
1514481478087884804
1615117674652045314
1615101143075495954
1615115751202996225
1615077464622997504
1615145666925236224
1615120006924173312
1615077238474506260
1615086121016524801
1615121776874344450
1615049758929817602
1615146844325134337
1615139570341007360
1615139707804852225
1615110090754854912
1615101611503755286
1615050518572765202
1615081209305989133
1615102439073488906
1615131505545584641
1615045962220675072
1615184301842128904
1615100536478486531
1615105829635596305
1615063642646675456
1615095764698501120
1615115920199802882
1615058985056362496
1615106926399954960
1615104661450813441
1615143860744626177
1615144114068258816
1615059426678870020
1615113028357218305
1615089678922784781
1615097042069594123
1615143735053934593
1615062909305950208
1615085622007398433
1615084480926023698
1615144971559911426
1615043275290812418
1615088063671140378
1615129396087488513
1615097304150581248
1615111210927808512
1615112427313500161
1615116213457240065
1615113593703260160
1615085534627463209
1615140154900873219
1615115421421633537
1615066861443457024
1615061052273659935
1615068602750623744
1615133362208837632
1615119452399362048
1615134966609858561
1615076988514959381
1615071770830143502
1615139742286336000
1615124977694670848
1608866490320842754
1615119405788053511
1615139779854614528
1615119201005436929
1615103134338281472
1615147707642875904
1615181989233004544
1615076924656680963
1615085638675562502
1615080860230844418
1615063220863045662
1615140575308836865
1615105893091221509
1615138474868211712
1615077014796476418
1615121716426014720
1615071913927213060
1615080894909542400
1615058059272851468
1615142813573828608
1615113042966237184
1615111453081575428
1615136974427557888
1610114270590648322
1615065581845372928
1615116534275510281
1615124009439612928
1615051794823974924
1615050861067046918
1615188919963848705
1615138589834203136
1615055262343172102
1615084943696166925
1615143756356894721
1615063824855404599
1615072072086196224
1464343722804621320
1615098666238500865
1615142184524603395
1615080000230768642
1615103878269214726
1615079824078372866
1615093715252514817
1615086949341052929
1615148005794914304
1615188674140078081
1615098936515076125
1615053278336716807
1615132487000395778
1615084945008984073
1615113343961817090
1615128015758917632
1615144611638349831
1615123713002807297
1615065651286052865
1615084402689671191
1615064933179265035
1615117352844001280
1615116054316859395
1615102834252431360
1615129370409984002
1615095790262788097
1615118019700658177
1615083880838561800
1615078966208987160
1615090309586722840
1615127751047974924
1615065222418661376
1615054955995402241
1615142260718313472
1615119309721817088
1615057525753217024
1615080858439876619
1615078153789079554
1615053375044820999
1615110308040777753
1615188577234698242
1615063829733380122
1615050283255762944
1615079978529423367
1615054218825433090
1615074375614464002
1615128416688152576
1615104689133035537
1615125329764577286
1615090090442727440
1615094448060260355
1615143127425105921
1615120358679396353
1615052168809091075
1615070550627319808
1615097663464083458
1615069194386636802
1615118916627341317
1615125915897405441
1615063713945423874
1615146622161223680
1613710193954816000
1615098898938306577
1615120749844463616
1615136366710427649
1615133440806105094
1615119876242153473
1615055282979147794
1615097207090290697
1611550950975737862
1615052999704907807
1615077085877506049
1615082545946787856
1615131234044186624
1615117468871135232
1615070506981416961
1615097194444464137
1615060313233055744
1615087603660849185
1615115542502727681
1615058236608253953
1615136964956786694
1615088567780343835
1615118504121729025
1615103501536829451
1615147240577814531
1615061810624794627
1615094022837608451
1615141836074487808
1615106453701894166
1615144085764857858
1615186217108230148
1615096633976406018
1615085843127103489
1615064405166653440
1615124969398099969
1615055026069639179
1615143059146117125
1615076986770046977
1615090275004686336
1615089218878939141
1615188572880904194
1615062666241839119
1615119178062594049
1614567393266925568
1615079043447111680
1615080223191564301
1615114316017012736
1615071148584173568
1615125147970686976
1615028969887395843
1615069046323712003
1615086350520430593
1615068466498736129
1615051654428037133
1615137273573527553
1615056034741030928
1615048547811971072
1615047619503394837
1615147308328390656
1615099347372318722
1615068814273613826
1615119254252134402
1615147944256192512
1615101518281330689
1615077026435661839
1615058322406707201
1615058979528314887
1509193644456165385
1615123604940771328
1615060180856672266
1615086103110770688
1615118215008362502
1615187113837838338
1615100531785048083
1615112731505442817
1615055270861803520
1615093101508395008
1615138378919419904
1615043914540498946
1613737134753517572
1615095023724552192
1615113183563337735
1615131951639285770
1615047274077294601
1615096443752128522
1615143783280123906
1615074412771917824
1615119536092479488
1615104722163179527
1615123456995074049
1615088421009068032
1615086656331153437
1615121951856508930
1615184993327652866
1615052605138341903
1615115888042315777
1615132402019442689
1615059398224711701
1615142963318820866
1615057998325358592
1615115952265302016
1615144573247918080
1615147099909197825
1615093900271652865
1615122685700210688
1615057640085721108
1615055045514649600
1615062807359197203
1615067287400103936
1615071644946505730
1615057643210477582
1572077289151799297
1615061104094285844
1615062860165484575
1615106488753692675
1615094067775565824
1615084430816673823
1615046505580175360
1615126136232751105
1615055657006207002
1615057414004346899
1615064102023401483
1615129625881120768
1615097587257810951
1615114942260170753
1615066462514827265
1615146763039522818
1615187625941286915
1615116880359956483
1615115201346404352
1615140742254428161
1615109428075798558
1615143086811742208
1615147597311737856
1615147285750632448
1615134494905737217
1615098627826884622
1615138311571398657
1615087762536890376
1615121163268538369
1615100297453379585
1615146981172862976
1615082524673277963
1615073239063035922
1615186999803092993
1615052648725549077
1615082075408793624
857120436
1615136398109032452
1615089536459055105
1615060063156113425
1615134590242361345
1615074939102527493
1615123372194631684
1615063294435332112
1615115271169097737
1615078108754841600
1615093934396514320
1615117174795902978
1615067314466037760
1615077016839110656
1615075023127203840
1615137039267123207
1615138170496077832
1615117292878303238
1615052847413923847
1615117391305875457
1615065767682220032
1615048401086779404
1615187316321943552
1615148028435873793
1615080631964237834
1615090420504993792
1615115367784894466
1615082261895938102
1615050293426720778
1615096281063464965
1615143658449240065
1615144994914062336
1615060559522631689
1615117983759622145
1615110239862366226
1615139612921401351
1615085108196769833
1615055760748122117
1615050255778603008
1615037844170604544
1615137191667040256
1615144441634775040
1615055543449833472
1615133373806043137
1615102178326192166
1615080527849037824
1615061642861023244
1615099730467463191
1615186581257859077
1615125312420945921
1615141428358778880
1615049288303906816
1615147800899063809
1615144720136634368
1615113543157968896
1615103344808271886
1615073612368592896
1615119857523068929
1615060743153483777
1615100445697114112
1615090628135723012
1615145282395668480
1615051405739585536
1615086286729093120
1615121263671795714
1615128603913605126
1615139412496498691
1615115413305823240
1615138043790237696
1615137185824374784
1615077446138691610
1615097639736942598
1615186336511565826
1615113307517509632
1615092963142508548
1615107306726760450
1615074868017463302
1615122140050726913
1615059213327208459
1615064858478710800
1615077624497184769
1615119909847027712
1615140775104335873
1615184678356484098
1615052862056239108
1615119325119254534
1615079292567781390
1615103246313439236
1615089731888451584
1615062365237612560
1615055006322855960
1615080533028995075
1615096551508148227
1615130470706028544
1615085486032457730
1615051589945012224
1615091034282672128
1615060517084594177
1615082211748839435
1615133061817196544
1615111668178067468
1615140032406241280
1615144404179890178
1615122654733762563
1615122190290018305
1615142889067057154
1615047031038349327
1615133120138813443
1487125306825535493
1615083653943693312
