ID
1615189586971443203
817749298997821440
1615189326152728576
1533149607089549312
1576428766699601921
1615187456977936384
1579158653461995521
1615187579665813505
1609094082554478593
1310668262448025600
1615188883938983936
1481231746314215429
1608286879123636224
1610760766084288535
1605326538114830336
1535555376829046784
1608866490320842754
1593153938680954882
1599281012495745026
1602749799069106177
1519499015234097153
1493569366427938821
1614875754440888320
1611339667689078785
1380549574348189705
1225303741592526848
1538759394669780992
1570487738725728257
1614690787173830656
1330244022963757056
1611326167759392773
1568339351444111364
1584832242370560001
1288849816160739329
1615169720310792197
854093932321533954
1211834449282793472
1446512328338395137
1255228485246779392
187327074
1615147705529143296
1601327136652107778
1614309624756183049
1056585955426160641
4298220619
1615171958701969408
744383374467334144
1491150201804967940
1615146678901784578
1037529588165832704
947089298
1252743464548261889
1580936286608695296
1483884043636666368
797654578523095040
1072395965187928064
1241682062265872384
1610031901502234627
1615174317804867584
1192024067072806915
713928888481517568
1615170886952439811
1390425467107295237
1613948969171783688
1604948580699086848
1615174038363545600
1606749994693935105
1600630150323896321
1615172018684530692
1615168422408556545
1615001958007427072
1610120272107163649
1614723589181169671
1615071178418167812
1557254376535777281
1614467597352812544
1539492659059994624
1448886271976247307
1283482625789833216
1421669018918862851
1546491493413797888
1467344941839966208
2778227117
1614481121378537472
1489217898589609986
1615167078905831425
1599254257034825728
1579570950533701633
1596929686239576065
1182830430837448704
1615161490230706176
1085127221201825792
1230273778145427462
1539434739437690880
1258055112095924224
1614137833475969027
1615151973237391360
1592642641161773061
1611732760732876800
1517023694568132608
1615164860211556352
1540916752175058944
1615164030456590336
1612634592128770048
940372746177056770
1606483870282571777
1596543931202043905
1413912774514782208
721284812
1615155282790830082
1615161639791169541
1609721389891682304
1613027571246972929
1527538982069755904
1506485628376166400
1560381007668420609
1183527700151046146
1547450598739542022
1615156326996541440
1615158378820501505
1607266545570557953
1144322585561313280
1615156864454651905
1615029139987103759
1377989422331887616
888622341076299776
1613114403821436928
1615151878966312960
1608795844228038657
1615149613631275008
1477955443905417216
1214644811229253633
1602498796889559043
1451376551233134597
1489015571048022017
1615151676981383171
1610933123407138816
1495079235664461838
1615150280227651584
2307442022
1531123638866710529
1361809055040344064
1615150042414829569
1417826276077879301
1610497369790971907
1563228791375564802
1514721988178325509
1615050459558957057
1591391321389862913
437042095
1615131597979766784
1481820785039876097
1596834991706628098
1611317306109435907
1612930861745246208
1444613395165110276
1613690167558111235
1494273407738855424
1614801413334343680
1611163483051016192
1607915045152821248
1614944492460670978
1614174051223609346
20017972
1615116364309561346
1613681696066387969
1615125029146050561
1615144395530960896
1612601819083190273
1579484473321836544
1612191790764793856
1279275172747304961
1577457428555350016
1597640178516070404
1577149613219397633
1507428122190307330
853575218593452032
1613757332411891714
1614765592338219015
71034559
1614364517000962050
1544383567001690115
1456802608379830275
1156828144608747522
1612978866984730624
1442485711794409482
1615137408722280451
1614503232499482631
1568776420360429568
1440727822792724494
1516293186506805249
1289915441922674689
1615095472628146199
1413282348
921740626961551360
1609694876295118848
1251665190229127168
1452251346489548801
1613660809854418944
1495542022606028800
1264628297931112448
1615132548027351042
1310779640475156481
1589766746885345280
1585810031819333633
1575790453844123648
1557801165223518208
1603801926969311245
1614069936447422464
1470747825969500165
760261910834974720
1604277112713748481
1606488991347384325
1611550950975737862
1234225922196328448
1615014727607795713
29686922
1474269345459093505
1613700253076672512
1533198303357280259
775550200685273088
2943124100
1394053662268346375
1615124656821772288
1611613374042742785
786569352598269952
1601722363711991808
1615116986521886720
1615099247124258822
1426662725166456833
1610532895747178497
1615118075178663937
1484121541503815681
1615116695105949700
1608942077269741568
1608327387111952387
1615115152566718464
1615118657889132546
1032114117400780800
1520353800321646595
1497308756409045007
1484196319933566987
1615107770851762207
22572434
1563150650875056131
1603872161005187072
1451382032131674112
1454011411600977922
1288326226835365888
1592486752375152643
1614406597626699777
1543678118405312513
1469158470590947337
878140122075586561
1614840368327020544
1612635672933720064
936494744162766848
1608342178102710272
1601282555659141120
1608926614187909120
1215114879775969285
1612198075132514305
1612627689076146176
1615109632384540702
1615058164210143261
1594477649837305856
1232426585057304577
1610447588045594625
816358940606861312
2167396657
999528313612783617
1106106765748297728
1615109181526220852
476699885
1162536507036405760
1560368558223380484
1505744685456891906
1505067576010887169
1612998269893754880
1387853780084039683
346055659
1615104652852494337
1578928856500953088
1497106092563873820
1602810235458146304
1416904137623711745
1452680673525964811
1345926926410670081
1607704033250234369
1517650202131374080
1600644111052279810
1606002569372901408
1549514084038606850
1599461575475298317
1582569158046351360
1615094549893840896
1570988748707332097
1570171496600838145
1268940729356869635
1615098554153943040
1591263144135036929
1559850417739145216
1309863678880165895
1609815054060240897
1548419221423435786
1609405525279506432
1615096213375787013
1535591308546523137
1614043490580570112
1581463627483303941
1610333788944437248
1009665974813913088
1614365943697752065
1426128728812367873
1615091126410833922
1615062518245822489
1598997122879295489
1243803737132535808
1519123010732675074
1515402199010000896
1349467278090399747
1613030823430610945
1608552797028352000
1460072764010758145
1615088628664860672
1594031040229670922
1532026843729219584
3343191040
1595258569275981824
1513390506243465224
2925565918
27341921
1596400323979091968
1537389873358938112
1578564632641474560
2961558837
1552055097357746182
348299432
1572863977524281344
1552353868528451586
1606756539062263808
1585702346155511808
1611723249888493569
875369081314189312
1610235218044010497
1492142578132828177
1548375093755072512
1512033940521029634
1615073325599825920
1156341689197506560
1614730811403603969
1613453622229991425
1597736994645463042
1288456404492341249
1597504159493722114
1544438273535143936
1615036043396268032
1615076034533289984
1156884241743011843
1615076209024700416
1096419431956148226
1615054476422877188
1606262432791404545
1609242269118337027
1514698642266984453
1612096771177549827
1614547375858524161
1447692414102249473
1238653938263404551
1615077533665443846
1592358683056414721
1615063146317680670
1607116271987965952
1609904923868598272
1613126516165976064
1340501044657319938
1611555577834123265
952210420974178304
1615071386850017280
1347201588830593024
874953294338293760
1392206065681539075
1615066742895640602
1544598181430046721
1579125355872296960
137368072
1444749053192019975
1366570184346058755
1614730358792019968
1614587286556999682
1485212547049529345
1559659480308129793
1597579077308874768
1611492342363471880
1555569249711640576
1252014075002916865
1558586110531768320
1607885920312741889
1598042336340201472
1614901110610997248
1049279369523417090
1440197975335002115
1614952954167009281
1615017619995742212
1450918641562800132
1581157297258221568
1533495736662360073
1610938690502627333
1615065109818183706
1612615205288042497
1613901271907594240
1567628746328260608
1453207610451128321
1412593995805597701
1611094778703237134
1427344655658754055
1615057673757593607
914582925898854400
1608151006398775298
1547443548508852224
989143740
1536525603108798466
1611057397983739907
1614735532508209152
2593994923
1457742248439865354
1571656086175752193
1248677344102895617
1615047138811027456
1595354318915280896
1548933920179240960
1511704962748796935
1615056429504729091
1614400760220983298
1614996451020673030
1613883100421050368
620869831
1614968670899281923
1615053938159456281
1608513543053217793
1549741865259651073
1613939431496450049
1615052579909640193
1614787573041307649
1615051876940107776
1615037446055395348
1289611961391632385
1615051765107277826
1519946255815819264
1566356827033444352
749029984841375744
1615047127779917826
1521895389963632640
1401942507462684672
1599688617563226112
1615047677565349890
1614517106271297536
1613722544082718722
163720833
1615033039540592640
1470912023701737473
1614893026286997509
1609248025393913856
743154501805346816
1384491973055156225
1441453680163651597
1418029012308332548
1430723707249516548
1615045069760827394
1615036774937395214
1615043108256813081
1570593755606155264
1571920692710367233
1614925635238903809
1127064761026392066
1042812461064310785
1611439070655221770
1614514700871696384
1615009266670116865
1614848307058315264
1452581049062494212
1503385891015856130
1269706093346906113
1499381331213656065
1290344166912917505
2894142789
1610804035266772994
1585371854063210501
1581868533344002049
1615038456450646029
1615039008437829640
912729457
1615032236520112140
1299799048011030534
1471222653281259528
1612161689440456704
1615037366422339597
1566809419933007873
1571143233610162184
1253773374976737281
1614719491736231940
1172127268505677825
1603959409750806534
1615030304850182151
1612212699366133760
1288804083831193601
1407590658597027840
3159447153
1558055248857645056
1614812347004080132
1610056625599180802
1615029859192799250
1601681947213848581
1615027540631879687
1614787796715069441
1054394390616178688
1432802253719605250
37430906
1593806953876279296
1615025199274942467
1341125334595493888
1615027631425978382
1569751660666441728
1583969396569120768
1611294685665837058
1467235005608964104
1599552788853301251
1525422302187380742
1573458772369997825
1615018578754895872
881249004692148225
1611830771517382656
1615019732662423555
1561928108432887808
1294950309039468545
1554747984767643648
1486917600877723649
1614211910924214272
1615004113925799939
1589420937471983616
1374630912084779008
1456504136267075588
1615021723966996480
1615017284719747074
1468198462370074624
1615011944087392262
1250528228810395651
1520464176463835136
1213597101533220865
1519193846403538944
1519459418701799426
1614291260524662788
950181791960305664
26503764
1615018874692374531
1614635240282099715
1586180054098157568
1550232035574292480
15880083
1613989853321957400
1614567924945002499
707591529066409984
1615016150718349314
1614934613041758210
1580921502328709121
1296667158152245249
1590428360466784258
4742753720
1614876487504596992
1607447514617204738
843887102395858944
1600206563326705667
1615014166049292290
1610943038985064448
1614472610837848065
1615000236862365696
1307752310370717697
1601293753808986116
1563206493167427584
1614638953491206147
1367511767488806915
1610483352993239040
1201883764244328449
1324470539134685184
1613384228758245376
1613208747672838146
1501817885475635203
1611726332387332096
1612621611135537152
1569066044861415428
1477262230659866627
1005103776817020929
992212840869191680
1114493039689572357
1319944144970629120
1511725442549846019
1501023418220752896
1307004227441643528
1614987781117300737
1606401850676232192
1497174172790886406
1503472442592964613
1183712712574013440
1399684162299129861
1580659965592731649
1614992646161764353
1525048374709432320
1531305283636580354
1614942956993261572
1613538763141152770
1429886114756714506
513617914
1614838045383049217
3091095762
1506279713479790593
1612690163167100928
1613309228193652736
1586465199707623426
1615002345233956864
1611779056101466113
1542148622220935169
1613335244874162176
1459655811668533253
3775188861
1555275991672553472
1614647211685548037
1488141268987232260
1614997510371827712
1379224226431787010
1597970188636495875
1533448380478808065
821019938823503873
1503224454297665541
1531281657495539713
868162664
1613361911378378754
1203713786655510529
733692054
1614998108072542209
1611871560960299010
1614380014048366593
1518378556962791425
1601342801886777344
1614979139185901568
1614979535996391425
1105508242648715264
976095983758204930
1540052606097424384
1310967836987338753
3069198929
1613305076470226944
1614730647167242241
1547260048694382592
1474624502068031494
1614989451129753603
1601025617931010048
1380958222983421953
1584580192974274562
1509647313261809668
343634985
1591105383854002184
1575742303439704065
1091870793972224001
1614963998746705920
1548249977217884161
1614985635227439108
1569603812721332225
1605985723890417676
1483504189892354051
1587943683172843521
1175384562907529218
1526527217500450816
1286969172954619904
1604127027044515840
1604223084206166016
1511799479225270293
1611548022588030976
46416247
1566618783577477120
3185603316
1518288077277605889
1397334501609574401
1506572792225230848
1612158759274520576
1585669189838045187
1606282884519804929
1530205643621163008
1614971836294365184
1611835913067454464
1569535181140426754
1614965836489592832
1610992627305926656
1614176343113232385
1573570724115144706
1502356501368688642
1614973178392072196
1569078187124051968
1614647722786828288
1612535416946655238
1263831957890166790
1501323723902705666
1329530136602025984
1614591709920337920
1614789004460703744
1563587170534731776
934509826671042563
1607143169900118016
1614689743060582401
4306036169
1610398913072140288
1596992787177771008
1614962036450152448
1613316775801769986
1614748851549736960
1613508096638304256
1194684423196860418
1568716139215175680
1302502029559037952
1608146418237145089
1468667901981126660
1614963910884433923
1614961257706131456
1614964391220330496
1614963290253430785
1502023925609472010
1614957571504312320
1605462493312258049
292564033
1572588421461450755
1608494975985016835
1207848496952311808
1415384953475510272
1565715544787001344
1599552585626697728
1614954289029332992
1594619079083671552
1614728682026795015
1614310114898448385
1607088619579138050
36086154
1454832967851786252
1193906843841695744
1588329823117737986
1614889508977229824
1611136975313977344
155955317
1549376311092600832
1614953519332855809
1614949716512460800
1611491920173273090
1614943944848064513
1614945513681338370
1588071374651904002
1528364203572187136
1430649579909926916
1614710136223961089
1614944786280058881
1611341370345537539
1614939707275902977
1614300198544474120
314221739
1612910173185515535
18981536
1614942356146642945
905547018
1614936471277895680
1614218337617158144
1614942075266682881
1614942313683521536
1513588989877493762
1614893381490016258
1614577327077314560
1607194335065538560
1614914481485742086
1289062973860769793
1190927463691407360
1614909135480565761
1614937335711559681
1614932933831172098
1614194443573202944
1604478947550437376
3279645518
1549072570166792195
1609415790880608256
1614055527117463552
1287857234106515458
1443242071792308224
1098326345476726784
1612008274852806658
1482347561465745411
1461712277061586950
1614923328220762112
1532864068477784065
1610519633047715842
1598845302428925952
1614928692899188736
1614930307735748608
1613790469267329025
1551474773988884480
1323997211991117826
1584379897736151040
1614927081913331712
1614893281514586114
1596234865929863176
1604845075162435592
1582885509721837568
1614663081212125184
1271783711374061568
1520840010693496833
78535844
1614374014385901570
1311592489011347458
1614895267735650304
1589836764218556418
2483907586
1414108505674506247
1610150689681932288
1571748960334745600
1611763383262396423
1445362831893876737
1610940729630806016
1093260614078685185
1614684539787378693
1614918464980013057
1614917219712126977
1605086033149919234
1614245059804766209
1571193106783154176
1472206935239786496
1399610420336472069
1330538318837080065
1614911525789261826
1214622383203635200
1557901685296664576
1460286302176391169
1614910476273520641
1614902248110448641
1610638554765398016
1614890353483546625
1496167961580691463
1489507154226778112
1614903960485376001
1614907859912855553
1013373311311474688
1459342846142603266
1560342277586915329
1540480328514605056
1614904375989907464
1611148061874569221
76789749
3008670996
808341393366102016
1400703010041303040
1438584440683388932
1614892128227983360
1442443218436591616
1611815242962538496
1271537728958509058
1261332295
1611391908806377474
1548878006004899841
1376900543470272517
1606688733545353216
2506325058
2212490655
1614816380750106625
1260130823887413248
1492992878729121792
3673238417
1588013273571475456
1510468841549099016
1614843649258299394
1606172814704353280
1614892109609189376
1580018459630792704
1614889915136999425
1525954814575751169
1607103055194906626
1607133388858658821
908272496423559168
1547774150705422337
1588907363515482119
1597129307528241153
1152994335140569098
1552875407250112513
1608917779880595457
1336311894353842177
1614869988212449282
4210396355
580720325
1571579167770087426
1591623882774962176
1582344480996429825
1195173552183533569
1602746796794593280
1614816167360876544
1614880670836195328
1614284334273384451
1379640160409817093
1612169738649493505
1452058939932266496
1611178892647362560
1612860646114168842
1453653953988730882
1614878784108347394
1614877588924628993
1614872119439163393
1314231147354894336
1304557890460692487
1614079692130193408
1544558079991324672
1503536716606578692
1561434638324641792
1025058564950384641
1569837353845522432
1612655572897210368
1614638565216104448
1612589646436777986
1613084660917235714
1612471978799075330
1614866456902045698
1607193060533850113
1604618343478165506
838641232280752128
1566679779050389505
1607881633742331905
1559565330577780737
1614863629676941312
1613098003425857536
21321005
1562809368533663746
1433284574138798081
1613355632295567361
1614863965821042688
1479974651375853575
711514630380584960
1614864196109504512
1049553472130097152
1144486985475584001
1614613916616728576
1586820407553769472
961755180789202944
1510287266253520896
1473724394530869250
1614413670884454401
1611407684741496839
875832378140139520
1614859108922044417
1599821548298420242
1607638657032241152
1614860055005855744
1613429084876595202
1611026157612290055
1476009259305508864
1598515536761085953
1253558305299054592
1562413640254246912
1500177475309035525
1611942526180642816
1483963212471144452
1557659303867203585
1563078168520826880
1435124963313430528
1598092822271377409
1560588022713917440
1614849079317610496
1325715618092474373
4887598259
1589963714265956352
2610160424
1487388651709419524
1559370199303737349
1601223453012623361
1494523952290533377
567587386
1397767218843340800
1614831852077867008
1614803252129812481
1599558782920581120
1614421599175970818
1614846872438599680
1540929520047472643
1614847240098713600
1614844398264799237
1503514792799178754
1531097273538695169
1462129257510064129
1614833522610507777
1610777088277057536
918016494881116161
427802752
1608690982479880194
1085426435437805569
1568794446258491394
1588884976044490753
1614837458713165824
1451363031011577856
1614452654972801024
1612800637833728002
1563985646385041409
